testFolder2,-1
testFolder2/level1-folder,-1
testFolder2/level1-folder/level2-folder,-1
testFolder2/level1-folder/level2-folder/level3a.txt,0
testFolder2/level1-folder/level2-folder/level3b.txt,420
testFolder2/level1-folder/level2-folder/level3c.txt,427
testFolder2/level1a.txt,434

01101000,11010
01000110,100010
01000011,101100
01101111,11001
01100111,11011
00001010,10111
00100000,111
01110000,100011
01010011,110000
01110101,10010
01110100,10011
EOF,011110
01111001,10101
01101011,101101
01001001,011111
01100010,01110
01100011,10100
01101110,0011
01101100,110001
01101101,0110
01100100,100000
01100101,0100
01100001,000
01110010,100001
01110011,0101
01101001,0010

Ã,“&Eïõ˜¯”w°.ˆ÷ÈûW¸Añ•-¼Y‡MÚ<

EOF,


EOF,


01101101,000
01101111,100
01001101,101
00100000,110
01101000,010
EOF,001
01111001,111
00100001,011

¿E‡d

